sp -9,6,3 1 44,223,201 32 0
sp -10,0,4 1 131,40,75 32 0
sp -4,-1,-2 1 211,132,48 32 0
sp -7,-7,-3 1 165,150,231 32 0
sp -10,6,-10 1 108,215,214 32 0
sp 6,-1,9 1 216,219,84 32 0
sp -3,7,3 1 136,149,238 32 0
sp 1,7,-5 1 65,128,20 32 0
sp 8,3,2 1 150,84,11 32 0
sp -1,4,-4 1 8,113,83 32 0
sp -7,-8,-4 1 233,193,171 32 0
sp -10,-10,8 1 85,150,83 32 0
sp 8,8,0 1 87,219,165 32 0
sp -3,-6,4 1 145,125,51 32 0
sp -2,-8,9 1 209,157,95 32 0
sp 7,5,0 1 112,255,43 32 0
sp 9,-7,-4 1 110,226,236 32 0
sp 6,4,0 1 196,137,226 32 0
sp -4,2,-8 1 126,155,235 32 0
sp 4,-7,7 1 40,203,53 32 0
sp -9,10,9 1 41,181,207 32 0
sp -4,-9,-5 1 158,219,3 32 0
sp -5,10,-10 1 24,128,7 32 0
sp 7,-8,-1 1 121,175,237 32 0
sp -2,-7,-9 1 201,95,36 32 0
sp -6,-7,8 1 97,130,231 32 0
sp 5,7,5 1 221,37,100 32 0
sp -1,7,-4 1 63,169,143 32 0
sp 2,-9,1 1 54,204,123 32 0
sp -7,-4,10 1 162,251,144 32 0
sp 7,-4,10 1 101,232,247 32 0
sp 3,1,-5 1 21,178,161 32 0
sp -1,-5,-2 1 111,20,49 32 0
sp -3,-9,-1 1 104,23,33 32 0
sp 10,-2,-10 1 192,200,73 32 0
sp -8,3,2 1 11,39,29 32 0
sp 2,-2,9 1 87,118,207 32 0
sp -2,-9,-1 1 157,53,35 32 0
sp 7,-10,0 1 100,57,204 32 0
sp 7,0,-3 1 77,219,230 32 0
sp -6,8,5 1 90,232,50 32 0
sp -8,-7,-1 1 198,242,38 32 0
sp 4,-4,-8 1 152,102,108 32 0
sp 0,6,7 1 181,124,72 32 0
sp -9,3,-10 1 221,117,225 32 0
sp -9,-2,6 1 140,84,251 32 0
sp -9,10,-1 1 225,11,222 32 0
sp -10,-3,-8 1 100,74,14 32 0
sp -9,-10,3 1 63,195,141 32 0
sp 1,2,-9 1 126,254,254 32 0
sp -1,-1,-3 1 149,22,1 32 0
sp 7,3,-2 1 191,234,6 32 0
sp 1,-3,2 1 91,199,112 32 0
sp 10,-10,9 1 166,234,43 32 0
sp 8,0,-4 1 166,113,122 32 0
sp 9,9,4 1 83,110,176 32 0
sp 8,0,-7 1 0,238,13 32 0
sp -8,7,0 1 193,64,61 32 0
sp 2,-9,3 1 80,188,252 32 0
sp 6,-6,10 1 29,157,229 32 0
sp 1,8,6 1 199,124,69 32 0
sp 5,9,6 1 78,160,166 32 0
sp 7,8,-7 1 133,62,140 32 0
sp -8,6,1 1 19,45,218 32 0
sp 9,4,0 1 222,30,104 32 0
sp -9,-3,0 1 71,64,255 32 0
sp 1,7,-8 1 224,234,68 32 0
sp -6,2,6 1 119,130,119 32 0
sp -6,10,-3 1 43,33,0 32 0
sp 9,7,-4 1 186,76,109 32 0
sp 7,-4,-3 1 194,168,38 32 0
sp 6,1,0 1 182,3,109 32 0
sp -8,3,-8 1 243,130,156 32 0
sp 6,10,-4 1 59,213,36 32 0
sp 10,-2,-10 1 222,212,18 32 0
sp -7,-9,-3 1 21,57,157 32 0
sp 4,5,-2 1 251,137,180 32 0
sp -6,-10,3 1 9,161,112 32 0
sp -9,-7,0 1 171,206,27 32 0
sp 0,6,0 1 59,171,43 32 0
sp 3,7,-3 1 204,16,147 32 0
sp 3,4,-10 1 32,194,37 32 0
sp -3,-2,-6 1 190,11,184 32 0
sp -1,-5,10 1 139,139,204 32 0
sp 5,-1,10 1 5,37,215 32 0
sp -1,-3,-8 1 89,74,1 32 0
sp -2,-5,-8 1 200,54,110 32 0
sp 8,10,1 1 73,205,146 32 0
sp 10,-2,7 1 179,28,235 32 0
sp -4,5,-8 1 82,52,134 32 0
sp 4,-1,1 1 167,0,67 32 0
sp -8,0,6 1 202,239,200 32 0
sp 0,-2,5 1 102,44,112 32 0
sp -2,2,-10 1 109,199,173 32 0
sp 1,2,-9 1 47,170,187 32 0
sp 2,-3,-4 1 10,226,163 32 0
sp 5,-5,3 1 136,121,215 32 0
sp 1,7,3 1 183,57,21 32 0
sp -5,7,7 1 186,140,31 32 0
sp 0,-6,-4 1 79,148,81 32 0
