sp 5,9,-9 0 245,175,177
sp -8,3,-2 1 247,9,102
sp -5,3,-4 0 77,52,41
sp -2,-8,-7 0 224,212,146
sp 1,-5,9 1 60,181,80
sp 6,-4,2 1 24,47,97
sp 9,9,-8 1 167,200,4
sp 4,-7,7 0 90,133,31
sp -9,-2,2 0 208,98,209
sp 0,0,-6 1 53,98,242
sp -9,-6,8 1 208,167,212
sp 9,-2,9 1 229,12,150
sp -6,7,-5 0 70,148,35
sp 0,-8,-4 1 231,209,1
sp -7,-2,6 0 21,83,33
sp 2,0,-1 0 60,191,139
sp 0,3,6 1 196,65,224
sp 2,7,-6 0 66,22,102
sp -5,2,4 1 16,235,55
sp -7,2,-9 1 238,118,253
sp -8,-7,-9 0 236,237,217
sp -4,1,-4 0 165,74,17
sp -5,4,-2 0 4,17,49
sp -4,5,-4 0 53,39,134
sp 5,-8,0 1 120,135,228
sp -8,-3,-6 0 122,14,253
sp -9,3,2 0 62,78,24
sp 3,-5,0 0 111,89,106
sp -3,-8,5 1 206,169,61
sp -6,-8,-5 1 61,73,93
sp -6,0,-9 1 111,7,66
sp -2,0,3 0 243,222,65
sp -1,5,6 0 235,221,30
sp 2,0,0 0 76,244,71
sp 0,-6,-5 1 69,247,195
sp -5,4,1 0 132,183,246
sp -8,-6,2 1 207,174,26
sp -8,-5,-6 1 92,181,241
sp -1,7,-5 1 78,149,90
sp -9,0,8 0 211,45,115
sp -2,1,9 0 140,56,211
sp 1,8,2 1 85,48,30
sp -5,5,6 1 138,75,78
sp 9,6,-3 1 239,80,143
sp 0,-4,-1 1 168,244,182
sp 4,-5,9 1 125,99,231
sp -6,-6,-3 1 93,28,222
sp 9,6,2 0 231,99,177
sp -2,7,3 0 102,146,159
sp -2,2,0 1 238,89,38
sp -5,-4,-9 1 19,129,23
sp 8,8,4 0 90,146,5
sp -7,-4,-5 1 188,50,140
sp 5,-3,3 1 249,15,207
sp 3,0,-5 0 64,214,227
sp 3,0,0 0 220,180,87
sp -8,7,-6 1 163,245,192
sp 5,6,9 1 133,44,110
sp -9,-7,0 0 50,57,149
sp 0,9,-3 1 161,144,48
sp -2,-4,-3 1 62,43,67
sp 5,4,-6 0 123,241,156
sp 0,-3,-2 1 50,240,238
sp -4,3,-5 0 106,34,203
sp 3,2,3 1 185,38,62
sp -4,9,9 1 171,75,92
sp 1,2,1 1 251,233,79
sp 4,7,-4 1 226,232,204
sp -1,3,7 1 188,138,140
sp 0,2,3 0 204,202,249
sp -4,-1,7 0 190,196,21
sp 0,-8,-3 1 227,232,191
sp 2,0,0 1 140,92,208
sp -4,-6,-3 0 49,147,251
sp -4,7,-8 0 206,254,136
sp 0,8,-2 1 87,54,97
sp -3,2,7 0 35,155,161
sp -3,-7,7 0 144,79,143
sp 5,9,5 1 153,78,232
sp 9,3,-7 0 132,74,55
sp -7,8,0 0 110,182,112
sp -8,-2,2 0 45,247,81
sp 0,-3,-8 0 3,101,87
sp 0,1,1 0 13,193,230
sp -4,-2,2 0 54,216,73
sp -5,-9,1 1 195,43,162
sp -3,-8,-6 0 4,24,231
sp 4,-6,0 1 165,20,103
sp 6,-5,3 1 162,250,169
sp 0,-9,3 1 162,76,146
sp -5,9,4 1 124,4,64
sp 9,-9,7 0 159,239,193
sp 0,0,-2 1 152,63,197
sp 3,9,1 1 32,109,224
sp 0,7,-9 1 116,60,132
sp 9,5,9 1 170,248,101
sp 4,1,0 1 168,87,64
sp 7,-9,9 0 121,170,218
sp -5,4,4 0 76,67,140
sp -1,7,0 1 94,131,180
sp -3,-8,0 1 89,155,227
sp -1,-7,-5 1 105,210,250
sp 0,2,6 1 106,217,87
sp 7,-8,-1 1 10,46,20
sp 2,4,-4 1 90,81,249
sp -3,4,-8 1 7,152,232
sp 0,1,-8 0 31,225,4
sp -3,5,8 0 6,252,210
sp -8,8,6 1 129,198,87
sp 3,3,8 1 237,189,148
sp -4,4,-7 0 231,195,60
sp 0,6,-8 1 67,214,3
sp -2,-6,-2 0 213,136,179
sp -9,2,4 1 212,94,61
sp 4,-2,-9 1 155,19,207
sp -4,-6,4 1 17,72,97
sp -7,5,-5 1 167,81,121
sp 5,5,-5 0 43,237,37
sp 9,-3,-7 1 76,8,132
sp -4,-6,-8 1 69,225,70
sp 2,0,-5 0 155,129,178
sp 2,6,4 1 192,216,86
sp 4,7,0 0 143,89,109
sp -8,9,-3 0 8,69,30
sp 7,8,6 1 125,241,167
sp 7,-8,7 0 132,250,98
sp -4,7,4 0 211,251,204
sp -8,0,3 1 217,231,117
sp -7,-7,1 0 222,30,111
sp 6,-1,2 0 168,60,166
sp 0,0,-5 0 67,151,166
sp -6,-3,-3 0 249,184,17
sp -6,-4,1 0 5,173,207
sp -7,7,-9 0 2,135,118
sp 2,2,0 0 28,19,199
sp 9,7,3 1 74,137,15
sp 6,1,0 0 77,91,55
sp 5,-4,-6 0 172,113,34
sp 6,-1,-2 0 254,41,202
sp 2,-1,-2 1 109,105,104
sp -6,-3,-9 1 238,254,230
sp 8,5,-2 1 228,254,74
sp 8,3,2 1 181,30,28
sp -6,0,1 1 236,119,144
sp -7,-2,-1 0 104,203,1
sp 0,2,-7 0 77,127,120
sp 5,4,0 1 107,79,205
sp -9,-4,-8 0 158,144,189
sp -2,0,3 1 212,85,248
sp -7,9,-7 0 105,158,73
sp -8,6,-2 0 240,200,63
sp 0,-2,2 0 47,167,116
sp -1,0,4 0 1,232,110
sp -6,-3,7 0 19,187,49
sp 7,9,-3 1 70,72,97
sp 0,-1,-1 1 111,214,213
sp 0,-1,-1 1 49,194,129
sp 3,-7,4 1 210,248,104
sp 0,3,-9 1 7,94,226
sp 5,-5,0 1 81,179,199
sp 1,9,4 0 144,40,225
sp -1,5,0 0 175,233,9
sp 0,1,3 0 194,157,131
sp 1,8,-7 1 79,120,142
sp 0,0,-2 0 83,13,128
sp -6,-8,3 1 166,73,51
sp -7,-6,-2 1 135,166,172
sp -5,-7,4 0 88,93,185
sp 2,-5,-4 1 234,74,4
sp 2,-1,-9 0 242,12,134
sp 9,-3,-3 1 100,127,2
sp -4,-1,7 0 23,86,91
sp -7,-5,2 0 93,230,247
sp -4,4,9 0 149,91,59
sp 2,0,-5 0 107,70,4
sp 0,-6,0 0 131,116,149
sp -4,3,9 1 23,104,164
sp -6,3,9 1 10,103,123
sp 1,-4,3 0 108,224,115
sp -4,5,5 0 115,15,21
sp -7,0,3 0 148,130,83
sp -3,-9,-2 1 137,143,7
sp -5,1,6 1 124,49,165
sp -9,-4,-6 0 233,123,13
sp -1,-8,-7 1 173,22,106
sp 8,-4,1 1 126,65,181
sp 7,8,-9 0 42,80,69
sp -8,-3,8 1 140,106,23
sp 6,6,9 1 182,180,241
sp -6,5,-2 1 220,211,30
sp 2,7,8 0 21,40,110
sp 8,-3,6 0 98,73,141
sp 5,6,-7 1 113,225,48
sp 0,8,7 1 201,196,24
sp -5,9,8 0 105,83,9
sp 0,-1,-6 1 141,118,83
sp -8,5,8 1 72,103,53
sp 0,0,2 1 231,171,246
sp 3,5,4 1 168,63,41
sp 0,6,9 0 106,44,192
sp 6,-4,3 1 8,171,71
sp 5,0,-3 0 1,86,40
sp -4,0,5 0 227,4,175
sp -4,0,1 1 155,246,154
sp 9,8,0 0 41,112,140
sp 0,-8,7 1 16,18,112
sp 9,-4,2 0 225,8,252
sp -4,-8,-1 1 180,72,84
sp 7,4,1 1 84,78,91
sp 0,1,1 0 35,182,18
sp 9,-7,0 0 119,178,201
sp 3,8,-9 0 183,101,139
sp 4,2,5 1 117,239,187
sp -1,-7,-4 0 215,184,98
sp 0,-7,-5 1 201,164,103
sp 0,5,-5 0 193,148,150
sp 0,6,-3 1 32,91,208
sp -1,1,-1 0 55,76,151
sp -3,-7,6 1 34,0,238
sp 9,-9,-3 0 127,0,160
sp 9,-2,6 0 65,17,59
sp -2,8,9 0 181,90,69
sp 1,-4,-7 1 107,154,101
sp -9,6,-4 0 254,183,253
sp -9,7,3 0 159,104,136
sp 6,9,8 0 109,205,201
sp -4,-2,5 1 199,38,69
sp 1,4,-6 1 231,75,203
sp 3,2,-6 0 33,72,238
sp 3,0,-2 1 110,231,85
sp -5,8,-6 0 199,19,34
sp -4,-5,0 1 116,35,247
sp -5,1,3 1 67,247,123
sp -2,-9,-6 1 50,254,118
sp 0,-6,-6 0 11,160,235
sp 5,8,4 0 185,179,236
sp 9,7,9 0 178,202,146
sp 9,-2,4 1 25,88,82
sp 7,-2,6 0 33,198,16
sp 7,-7,0 1 132,253,26
sp 8,-1,4 0 44,245,254
sp -1,2,-3 0 245,141,235
sp 0,-1,-6 0 207,165,20
sp 2,7,-9 0 203,4,67
sp 0,5,3 0 45,220,189
sp -3,4,-8 0 49,231,203
sp -1,7,-4 0 82,231,59
sp 0,-4,-8 1 7,168,134
sp 0,0,1 1 107,61,203
sp 9,4,0 0 17,71,240
sp 0,-2,3 1 78,195,156
sp 0,7,7 0 14,61,119
sp 0,0,6 0 144,111,175
sp 0,7,-6 1 129,72,137
sp 2,0,-7 0 169,172,109
sp 4,-5,9 0 2,36,157
sp -6,9,-5 1 147,123,250
sp 1,8,0 1 98,226,15
sp -1,-6,-1 1 191,12,185
sp -4,-2,0 1 127,135,209
sp 2,-5,-6 1 91,125,194
sp 0,-1,2 1 175,63,2
sp -4,-9,9 1 126,82,92
sp 4,0,4 0 74,205,98
sp 4,-1,5 0 174,125,56
sp 1,-2,0 0 236,33,204
sp -5,9,4 0 115,123,34
sp -8,-8,-5 1 225,189,135
sp 2,6,0 1 169,8,237
sp 2,-7,6 1 242,100,170
sp -2,8,-2 1 75,152,69
sp -9,6,0 0 210,131,252
sp -8,-5,2 0 16,123,215
sp 8,-6,0 0 61,154,125
sp -3,-7,-3 1 23,82,241
sp 9,-8,8 1 176,5,143
sp 6,8,0 0 22,22,73
sp 6,-6,0 0 16,195,19
sp 8,0,2 1 126,145,192
sp 7,6,-6 0 144,86,94
sp 6,-9,4 1 136,124,14
sp 7,8,2 0 59,51,93
sp 6,7,-1 0 185,192,59
sp 4,7,4 1 246,67,174
sp -5,9,-7 1 170,106,80
sp -3,-3,7 1 232,113,34
sp -4,9,-1 1 246,9,241
sp -5,8,2 0 118,168,74
sp -7,-3,3 1 122,180,14
sp -2,5,2 1 31,222,11
sp 6,-8,-6 1 200,11,0
sp -9,0,0 0 62,252,108
sp 4,-5,-9 0 210,235,118
sp 9,-3,3 1 214,4,210
sp -7,-2,6 1 7,144,151
sp -2,-5,1 1 219,211,42
sp 4,9,-3 0 218,221,193
sp 0,-9,-7 0 160,87,229
sp -1,4,-7 1 1,43,154
sp -5,-5,2 0 116,30,19
sp -8,7,-6 1 101,89,158
sp 6,-5,-6 1 239,61,125
sp 5,-6,-9 1 149,238,194
sp 0,-5,-1 0 115,54,82
sp 0,0,-6 0 23,145,202
sp 6,-8,0 0 202,42,139
sp 7,6,-5 0 72,76,221
sp -5,-2,9 1 67,169,149
sp -2,6,1 0 127,251,80
sp 9,5,4 0 241,141,218
sp -3,0,0 1 98,179,33
sp -6,0,2 0 179,166,240
sp 6,-4,9 1 160,56,154
sp -3,-3,8 1 181,34,147
sp 0,-6,-9 1 197,204,15
sp -8,-9,5 1 172,90,215
sp 2,-2,-2 1 152,208,170
sp -1,9,0 0 192,197,20
sp 3,9,5 1 190,133,167
sp -4,-3,-9 1 63,75,191
sp -5,-9,0 1 5,191,6
sp 1,-9,2 0 39,15,204
sp -6,8,9 1 78,37,80
sp -3,-5,5 1 210,148,145
sp -5,-6,-4 1 28,225,6
sp 2,5,-9 0 123,67,91
sp 9,8,8 0 178,94,237
sp 8,6,3 1 66,188,15
sp -5,-7,3 0 216,173,73
sp 5,2,1 0 40,254,12
sp 3,6,-1 0 221,72,254
sp -5,7,8 0 84,185,93
sp -5,-8,8 1 136,237,12
sp 5,-9,-5 0 148,67,36
sp -1,0,0 0 172,13,101
sp 5,8,-9 0 242,102,42
sp 1,-1,-1 0 0,131,194
sp -4,9,8 1 235,199,245
sp 3,-2,2 1 37,47,143
sp 1,0,9 1 154,115,225
sp -6,4,-9 0 149,146,143
sp 7,-1,7 1 73,25,165
sp -4,-4,-9 1 88,192,170
sp 6,-6,-2 0 22,114,189
sp 0,3,0 0 69,195,221
sp 9,-5,-6 0 22,74,12
sp -1,-8,0 1 51,209,64
sp 9,5,2 0 142,183,53
sp 8,-1,1 0 90,45,40
sp 3,-2,6 0 82,114,16
sp -4,4,7 0 120,156,216
sp 1,-3,8 0 166,172,37
sp -9,4,4 0 25,102,173
sp 9,1,3 1 205,35,8
sp 1,3,-8 0 211,45,136
sp 3,0,-9 0 130,29,129
sp -6,6,8 0 104,96,3
sp 3,6,-6 0 226,227,212
sp -6,7,1 0 247,115,113
sp 7,4,-4 0 14,171,250
sp 3,7,9 1 145,235,228
sp 0,-9,6 1 75,105,46
sp 3,-2,-7 0 105,73,227
sp -2,4,-1 0 48,152,70
sp 8,-5,-2 0 10,70,229
sp -9,-1,5 1 149,251,215
sp 2,7,0 0 51,50,22
sp 2,0,-8 0 10,170,60
sp -1,8,4 1 133,55,226
sp -7,6,6 0 30,29,183
sp -1,4,-4 0 2,88,211
sp -8,-1,6 1 116,213,52
sp 0,9,7 0 217,220,141
sp 2,4,-1 0 77,249,230
sp 0,-6,-2 0 212,73,148
sp 4,1,-8 1 152,243,171
sp 8,5,7 1 195,246,142
sp -7,0,-7 0 233,49,159
sp 9,0,-3 1 78,188,222
sp -9,2,0 1 134,14,146
sp -6,-7,0 0 37,137,48
sp 0,-7,2 0 8,132,113
sp 8,-8,2 0 208,149,42
sp 9,9,-1 0 20,237,171
sp 5,-8,-2 0 122,22,161
sp 4,-5,2 0 15,38,50
sp -1,-7,1 1 117,173,223
sp 6,-2,-4 0 137,89,55
sp -8,6,4 0 251,73,163
sp 0,-1,1 0 139,15,67
sp 5,-4,-9 0 163,9,191
sp -4,-5,6 1 68,28,127
sp -4,6,4 1 251,44,87
sp 9,-1,6 0 39,185,6
sp -2,0,-9 1 149,54,222
sp 2,0,-5 1 187,174,1
sp 3,2,-5 0 59,52,68
sp 1,-6,2 1 48,158,111
sp -9,-8,8 0 74,176,186
sp -1,-5,0 0 58,227,79
sp 3,-6,1 1 188,233,29
sp -1,9,9 1 152,211,135
sp 1,-9,6 0 19,214,195
sp 3,8,-9 0 194,251,200
sp 6,8,3 1 231,233,226
sp -5,2,6 0 243,33,149
sp -8,-8,-2 0 160,164,177
sp 4,-5,-1 1 167,208,105
sp -3,3,0 1 23,95,236
sp 4,9,-3 1 197,73,199
sp 3,8,-6 0 221,233,184
sp -2,1,3 0 66,23,135
sp 2,-9,8 0 59,174,32
sp 0,4,-5 1 250,83,187
sp 1,1,-2 1 166,10,0
sp 5,-1,-8 0 86,216,94
sp -7,5,-4 1 226,165,222
sp -8,-8,6 1 3,82,11
sp -2,2,4 1 137,157,117
sp -4,3,0 1 71,46,16
sp 7,1,5 0 1,9,22
sp 9,1,7 1 33,151,98
sp 1,-7,-3 0 211,215,31
sp -8,6,-5 1 130,182,217
sp 1,6,-5 1 101,61,36
sp 8,-5,5 1 97,162,108
sp 0,0,-6 0 177,250,252
sp 0,7,0 1 133,240,157
sp -7,-2,-5 1 149,239,66
sp -3,7,-6 1 15,35,254
sp 0,-2,1 1 111,59,156
sp -1,-9,-3 0 35,211,238
sp 5,2,-3 0 153,244,43
sp -5,-7,1 1 21,32,34
sp -3,0,0 0 118,76,249
sp -6,-6,7 0 66,170,0
sp 4,-1,-6 1 162,133,142
sp 4,-8,-9 1 1,116,162
sp 6,0,0 1 65,241,165
sp 3,6,-4 1 45,116,212
sp 7,-2,-5 0 173,177,92
sp -6,0,3 1 47,18,58
sp -1,0,-4 0 206,2,205
sp 9,7,0 1 85,225,71
sp -2,-3,8 1 173,120,194
sp -5,4,8 0 83,68,19
sp -6,6,3 0 105,87,145
sp 4,-8,-4 1 217,101,141
sp -7,4,0 1 8,4,4
sp 9,9,4 1 4,186,212
sp -4,8,5 0 217,134,14
sp 9,0,-5 1 121,10,76
sp 1,-6,2 0 140,225,198
sp 0,-6,0 0 158,252,128
sp -3,8,-9 1 17,121,27
sp -2,1,-4 1 168,33,71
sp 4,-9,-3 0 163,174,198
sp -1,-5,-2 0 147,33,184
sp 9,8,-2 0 184,170,153
sp 3,-2,-5 1 111,159,231
sp -3,7,-5 1 54,37,239
sp 4,0,-6 0 205,166,19
sp 5,0,0 0 108,135,95
sp -4,-9,-7 1 37,86,121
sp -2,5,1 1 164,171,22
sp 3,-1,-4 0 225,89,124
sp 5,-3,-3 1 106,195,175
sp -6,3,2 0 145,243,244
sp -6,-2,-5 1 206,46,61
sp 8,3,-3 0 210,63,72
sp -3,1,4 1 149,46,131
sp -2,2,-9 1 32,16,167
sp 3,0,-4 1 121,224,15
sp 9,2,-3 0 202,205,172
sp -3,3,0 0 35,87,188
sp 3,1,7 1 46,26,136
sp -8,-7,3 1 59,108,182
sp -8,8,-8 1 65,190,218
sp 2,7,8 0 37,88,20
sp -6,-6,-9 0 108,127,193
sp 7,2,8 1 208,75,102
sp 5,-5,-5 0 127,226,139
sp 3,8,2 1 189,66,11
sp 3,-4,9 0 50,246,195
sp -3,6,-3 0 157,93,218
sp 0,-6,-9 0 109,30,72
sp -7,-7,-4 0 169,58,172
sp -1,0,0 0 0,33,149
sp -7,-4,-7 1 200,7,206
sp 2,-2,-7 1 110,57,64
sp -3,-6,-9 0 224,96,175
sp 9,-7,-3 1 253,85,171
sp -7,1,9 0 35,75,233
sp -2,-2,-2 0 214,195,192
sp 4,3,-5 1 33,96,101
sp -1,-1,-2 0 20,197,55
sp 9,-8,2 1 101,62,134
sp 3,0,2 0 121,20,210
sp -9,-1,-2 0 14,99,225
sp -4,-9,-5 0 52,136,197
